4
21
   9.9997299e-01   1.1005212e-04   1.2874351e-03   7.2353444e-03
   9.9999195e-01   5.9891354e-05   1.5291968e-03   3.7088923e-03
   9.9976319e-01   2.3795501e-04   3.8863678e-04   2.1756551e-02
   9.9998501e-01   1.6733903e-04   9.8913341e-04   5.3833285e-03
   9.9988164e-01   1.7375761e-04   9.1355482e-04   1.5357403e-02
   9.9979988e-01   2.4456412e-04   5.1762002e-04   1.9996926e-02
   9.9998457e-01   7.0970442e-05   1.4757767e-03   5.3550306e-03
   9.9998764e-01   3.5203331e-05   1.5105302e-03   4.7375022e-03
   9.9983934e-01   2.1657105e-04   7.0425918e-04   1.7909365e-02
   9.9982881e-01   2.2214694e-04   6.5665607e-04   1.8489690e-02
   9.9982308e-01   2.4906959e-04   5.3099844e-04   1.8800566e-02
   9.9999204e-01   1.2580798e-04   1.2111911e-03   3.7990207e-03
   9.9988891e-01   2.5307417e-04   5.1769138e-04   1.4894303e-02
   9.9996506e-01   1.0478157e-04   1.3127939e-03   8.2547392e-03
   9.9991084e-01   1.5690264e-04   1.0285087e-03   1.3313003e-02
   9.9996552e-01   1.0592067e-04   1.3074034e-03   8.2004734e-03
   0.0000000e+00   0.0000000e+00   0.0000000e+00   0.0000000e+00
   1.0000000e+02   0.0000000e+00   0.0000000e+00   0.0000000e+00
   0.0000000e+00  -1.0000000e+02  -0.0000000e+00  -0.0000000e+00
   0.0000000e+00  -0.0000000e+00  -1.0000000e+02  -0.0000000e+00
   0.0000000e+00  -0.0000000e+00  -0.0000000e+00  -1.0000000e+02
